     TIME RECOVERY     CUM  PRODUCED  FLUIDS    HCPV       CUM INJECTED        OIL     WATER    HC_GAS   SOLVENT  CUM_GOR  CUM_WOR   INC_ER      INC PRODUCED FLUIDS     HCPV        OIL    WATER   HC_GAS  SOLVENT  INC_GOR  INC_WOR
     YRS     %OOIP      OIL    WATER  SOLVENT    TOTAL  WATER_M  SOLVENT_MM   MSTB      MSTB     MMSCF     MMSCF MSCF/STB  STB/STB    %OOIP      OIL    WATER  SOLVENT    TOTAL     MSTB     MSTB    MMSCF    MMSCF MSCF/STB  STB/STB
    0.000     0.00   0.0000   0.0000   0.0000   0.0000      0.0      0.0       0.0       0.0       0.0       0.0 .000E+00 .000E+00     0.00   0.0000   0.0000   0.0000   0.0000      0.0      0.0      0.0      0.0 .000E+00 .000E+00
    1.000    18.00   0.1800   0.1908   0.0000   0.3707    182.6      0.0      63.8      94.0      31.9       0.0 .500E+00 .147E+01    18.00   0.1800   0.1908   0.0000   0.3707     63.8     94.0     31.9      0.0 .500E+00 .147E+01
    2.000    23.57   0.2357   0.5057   0.0000   0.7415    365.3      0.0      83.6     249.1      41.8       0.0 .500E+00 .298E+01     5.58   0.0558   0.3149   0.0000   0.3707     19.8    155.1      9.9      0.0 .500E+00 .784E+01
    2.697    25.84   0.2584   0.7416   0.0000   1.0000    492.6      0.0      91.7     365.3      45.8       0.0 .500E+00 .399E+01     2.27   0.0227   0.2359   0.0000   0.2585      8.0    116.2      4.0      0.0 .500E+00 .145E+02
    3.000    26.65   0.2665   0.8308   0.0008   1.0982    492.6    110.5      94.5     409.3      47.3       0.9 .509E+00 .433E+01     0.81   0.0081   0.0892   0.0008   0.0982      2.9     44.0      1.4      0.9 .806E+00 .152E+02
    3.314    29.59   0.2959   0.8685   0.0357   1.2000    492.6    225.2     104.9     427.8      52.5      40.2 .883E+00 .408E+01     2.93   0.0293   0.0376   0.0349   0.1018     10.4     18.5      5.2     39.3 .428E+01 .178E+01
    4.000    35.46   0.3546   0.9564   0.1275   1.4384    555.3    350.5     125.8     471.1      62.9     143.5 .164E+01 .375E+01     5.87   0.0587   0.0880   0.0918   0.2384     20.8     43.3     10.4    103.3 .546E+01 .208E+01
    4.547    39.22   0.3922   1.0491   0.1872   1.6286    605.2    450.4     139.1     516.8      69.6     210.8 .202E+01 .371E+01     3.77   0.0377   0.0927   0.0598   0.1901     13.4     45.6      6.7     67.3 .554E+01 .342E+01
    5.000    42.02   0.4202   1.1597   0.2166   1.7965    688.0    450.4     149.0     571.3      74.5     243.9 .214E+01 .383E+01     2.80   0.0280   0.1106   0.0293   0.1679      9.9     54.5      5.0     33.0 .383E+01 .549E+01
    5.626    44.33   0.4433   1.3603   0.2250   2.0286    802.3    450.4     157.2     670.1      78.6     253.3 .211E+01 .426E+01     2.31   0.0231   0.2006   0.0084   0.2321      8.2     98.8      4.1      9.4 .165E+01 .121E+02
